{"producer":{"name":"Blender","version":"2.81 (sub 16)","exporter_version":"6.2.4","file":"lowpoly.babylon"},
"autoClear":true,"clearColor":[0.0509,0.0509,0.0509],"gravity":[0,-9.81,0],
"materials":[{"name":"Material","id":"Material","customType":"BABYLON.PBRMaterial","backFaceCulling":true,"checkReadyOnlyOnce":false,"maxSimultaneousLights":4,"environmentIntensity":1,"albedo":[0.8,0.8,0.8],"reflectivity":[0.5,0.5,0.5],"metallic":0}],
"multiMaterials":[],
"skeletons":[{"name":"Huesos Mano","id":0,"dimensionsAtRest":[3.0039,1.8747,1.9147],"bones":[
{"name":"Bone.000","index":0,"matrix":[0,0,-1,0,1,0,0,0,0,1,0,0,-1.22,0.2792,-0.0342,1],"rest":[0,0,-1,0,1,0,0,0,0,1,0,0,-1.22,0.2792,-0.0342,1],"parentBoneIndex":-1,"length":0.8494
,"animation":{"dataType":3,"framePerSecond":24,"keys":[
{"frame":1,"values":[0,0,-1,0,1,0,0,0,0,1,0,0,-1.22,0.2792,-0.0342,1]},
{"frame":4,"values":[0,0,-1,0,1,0,0,0,0,1,0,0,-1.22,0.2792,-0.0342,1]},
{"frame":10,"values":[0,0,-1,0,1,0,0,0,0,1,0,0,-1.22,0.2792,-0.0342,1]},
{"frame":11,"values":[0,0,-1,0,1,0,0,0,0,1,0,0,-1.22,0.2792,-0.0342,1]},
{"frame":21,"values":[0,0,-1,0,1,0,0,0,0,1,0,0,-1.22,0.2792,-0.0342,1]},
{"frame":28,"values":[0,0,-1,0,1,0,0,0,0,1,0,0,-1.22,0.2792,-0.0342,1]},
{"frame":41,"values":[0,0,-1,0,1,0,0,0,0,1,0,0,-1.22,0.2792,-0.0342,1]},
{"frame":44,"values":[0,0,-1,0,1,0,0,0,0,1,0,0,-1.22,0.2792,-0.0342,1]},
{"frame":51,"values":[0,0,-1,0,1,0,0,0,0,1,0,0,-1.22,0.2792,-0.0342,1]},
{"frame":54,"values":[0,0,-1,0,1,0,0,0,0,1,0,0,-1.22,0.2792,-0.0342,1]},
{"frame":61,"values":[0,0,-1,0,1,0,0,0,0,1,0,0,-1.22,0.2792,-0.0342,1]},
{"frame":62,"values":[0,0,-1,0,1,0,0,0,0,1,0,0,-1.22,0.2792,-0.0342,1]},
{"frame":71,"values":[0,0,-1,0,1,0,0,0,0,1,0,0,-1.22,0.2792,-0.0342,1]},
{"frame":72,"values":[0,0,-1,0,1,0,0,0,0,1,0,0,-1.22,0.2792,-0.0342,1]},
{"frame":80,"values":[0,0,-1,0,1,0,0,0,0,1,0,0,-1.22,0.2792,-0.0342,1]},
{"frame":81,"values":[0,0,-1,0,1,0,0,0,0,1,0,0,-1.22,0.2792,-0.0342,1]}],"loopBehavior":1,"name":"anim","property":"_matrix"}},
{"name":"Bone","index":1,"matrix":[0.9992,0.0407,0,0,-0.0407,0.9986,0.0325,0,0.0013,-0.0324,0.9995,0,0,0.8494,0,1],"rest":[0.9992,0.0407,0,0,-0.0407,0.9986,0.0325,0,0.0013,-0.0324,0.9995,0,0,0.8494,0,1],"parentBoneIndex":0,"length":0.1072
,"animation":{"dataType":3,"framePerSecond":24,"keys":[
{"frame":1,"values":[0.9992,0.0407,0,0,-0.0407,0.9986,0.0325,0,0.0013,-0.0324,0.9995,0,0,0.8494,0,1]},
{"frame":4,"values":[0.9992,0.0407,0,0,-0.0407,0.9986,0.0325,0,0.0013,-0.0324,0.9995,0,0,0.8494,0,1]},
{"frame":10,"values":[0.9992,0.0407,0,0,-0.0407,0.9986,0.0325,0,0.0013,-0.0324,0.9995,0,0,0.8494,0,1]},
{"frame":11,"values":[0.9992,0.0407,0,0,-0.0407,0.9986,0.0325,0,0.0013,-0.0324,0.9995,0,0,0.8494,0,1]},
{"frame":21,"values":[0.9992,0.0407,0,0,-0.0407,0.9986,0.0325,0,0.0013,-0.0324,0.9995,0,0,0.8494,0,1]},
{"frame":28,"values":[0.9992,0.0407,0,0,-0.0407,0.9986,0.0325,0,0.0013,-0.0324,0.9995,0,0,0.8494,0,1]},
{"frame":41,"values":[0.9992,0.0407,0,0,-0.0407,0.9986,0.0325,0,0.0013,-0.0324,0.9995,0,0,0.8494,0,1]},
{"frame":44,"values":[0.9992,0.0407,0,0,-0.0407,0.9986,0.0325,0,0.0013,-0.0324,0.9995,0,0,0.8494,0,1]},
{"frame":51,"values":[0.9992,0.0407,0,0,-0.0407,0.9986,0.0325,0,0.0013,-0.0324,0.9995,0,0,0.8494,0,1]},
{"frame":54,"values":[0.9992,0.0407,0,0,-0.0407,0.9986,0.0325,0,0.0013,-0.0324,0.9995,0,0,0.8494,0,1]},
{"frame":61,"values":[0.9992,0.0407,0,0,-0.0407,0.9986,0.0325,0,0.0013,-0.0324,0.9995,0,0,0.8494,0,1]},
{"frame":62,"values":[0.9992,0.0407,0,0,-0.0407,0.9986,0.0325,0,0.0013,-0.0324,0.9995,0,0,0.8494,0,1]},
{"frame":71,"values":[0.9992,0.0407,0,0,-0.0407,0.9986,0.0325,0,0.0013,-0.0324,0.9995,0,0,0.8494,0,1]},
{"frame":72,"values":[0.9992,0.0407,0,0,-0.0407,0.9986,0.0325,0,0.0013,-0.0324,0.9995,0,0,0.8494,0,1]},
{"frame":80,"values":[0.9992,0.0407,0,0,-0.0407,0.9986,0.0325,0,0.0013,-0.0324,0.9995,0,0,0.8494,0,1]},
{"frame":81,"values":[0.9992,0.0407,0,0,-0.0407,0.9986,0.0325,0,0.0013,-0.0324,0.9995,0,0,0.8494,0,1]}],"loopBehavior":1,"name":"anim","property":"_matrix"}},
{"name":"dedo1.009","index":2,"matrix":[0.9992,-0.0407,0.0013,0,0.0407,0.9986,-0.0324,0,0,0.0325,0.9995,0,-0.0138,0.2311,1.4592,1],"rest":[0.9992,-0.0407,0.0013,0,0.0407,0.9986,-0.0324,0,0,0.0325,0.9995,0,-0.0138,0.2311,1.4592,1],"parentBoneIndex":1,"length":0.3953
,"animation":{"dataType":3,"framePerSecond":24,"keys":[
{"frame":1,"values":[0.9992,-0.0407,0.0013,0,0.0407,0.9986,-0.0324,0,0,0.0325,0.9995,0,-0.0138,0.2311,1.4592,1]},
{"frame":4,"values":[0.9992,-0.0407,0.0013,0,0.0407,0.9986,-0.0324,0,0,0.0325,0.9995,0,-0.0138,0.2311,1.4592,1]},
{"frame":10,"values":[0.9992,-0.0407,0.0013,0,0.0407,0.9986,-0.0324,0,0,0.0325,0.9995,0,-0.0138,0.2311,1.4592,1]},
{"frame":11,"values":[0.9992,-0.0407,0.0013,0,0.0407,0.9986,-0.0324,0,0,0.0325,0.9995,0,-0.0138,0.2311,1.4592,1]},
{"frame":21,"values":[0.9992,-0.0407,0.0013,0,0.0407,0.9986,-0.0324,0,0,0.0325,0.9995,0,-0.0138,0.2311,1.4592,1]},
{"frame":28,"values":[0.9992,-0.0407,0.0013,0,0.0407,0.9986,-0.0324,0,0,0.0325,0.9995,0,-0.0138,0.2311,1.4592,1]},
{"frame":41,"values":[0.9992,-0.0407,0.0013,0,0.0407,0.9986,-0.0324,0,0,0.0325,0.9995,0,-0.0138,0.2311,1.4592,1]},
{"frame":44,"values":[0.9992,-0.0407,0.0013,0,0.0407,0.9986,-0.0324,0,0,0.0325,0.9995,0,-0.0138,0.2311,1.4592,1]},
{"frame":51,"values":[0.9992,-0.0407,0.0013,0,0.0407,0.9986,-0.0324,0,0,0.0325,0.9995,0,-0.0138,0.2311,1.4592,1]},
{"frame":54,"values":[0.9992,-0.0407,0.0013,0,0.0407,0.9986,-0.0324,0,0,0.0325,0.9995,0,-0.0138,0.2311,1.4592,1]},
{"frame":61,"values":[0.9992,-0.0407,0.0013,0,0.0407,0.9986,-0.0324,0,0,0.0325,0.9995,0,-0.0138,0.2311,1.4592,1]},
{"frame":62,"values":[0.9992,-0.0407,0.0013,0,0.0407,0.9986,-0.0324,0,0,0.0325,0.9995,0,-0.0138,0.2311,1.4592,1]},
{"frame":71,"values":[0.9992,-0.0407,0.0013,0,0.0407,0.9986,-0.0324,0,0,0.0325,0.9995,0,-0.0138,0.2311,1.4592,1]},
{"frame":72,"values":[0.9992,-0.0407,0.0013,0,0.0407,0.9986,-0.0324,0,0,0.0325,0.9995,0,-0.0138,0.2311,1.4592,1]},
{"frame":80,"values":[0.9992,-0.0407,0.0013,0,0.0407,0.9986,-0.0324,0,0,0.0325,0.9995,0,-0.0138,0.2311,1.4592,1]},
{"frame":81,"values":[0.9992,-0.0407,0.0013,0,0.0407,0.9986,-0.0324,0,0,0.0325,0.9995,0,-0.0138,0.2311,1.4592,1]}],"loopBehavior":1,"name":"anim","property":"_matrix"}},
{"name":"dedo1.010","index":3,"matrix":[1,0,0,0,0,1,0,0,0,0,1,0,0,-0.0914,0.1907,1],"rest":[1,0,0,0,0,1,0,0,0,0,1,0,0,-0.0914,0.1907,1],"parentBoneIndex":2,"length":0.5781
,"animation":{"dataType":3,"framePerSecond":24,"keys":[
{"frame":1,"values":[1,0,0,0,0,1,0,0,0,0,1,0,0,-0.0914,0.1907,1]},
{"frame":4,"values":[1,0,0,0,0,1,0,0,0,0,1,0,0,-0.0914,0.1907,1]},
{"frame":10,"values":[1,0,0,0,0,1,0,0,0,0,1,0,0,-0.0914,0.1907,1]},
{"frame":11,"values":[1,0,0,0,0,1,0,0,0,0,1,0,0,-0.0914,0.1907,1]},
{"frame":21,"values":[1,0,0,0,0,1,0,0,0,0,1,0,0,-0.0914,0.1907,1]},
{"frame":28,"values":[1,0,0,0,0,1,0,0,0,0,1,0,0,-0.0914,0.1907,1]},
{"frame":41,"values":[1,0,0,0,0,1,0,0,0,0,1,0,0,-0.0914,0.1907,1]},
{"frame":44,"values":[1,0,0,0,0,1,0,0,0,0,1,0,0,-0.0914,0.1907,1]},
{"frame":51,"values":[1,0,0,0,0,1,0,0,0,0,1,0,0,-0.0914,0.1907,1]},
{"frame":54,"values":[1,0,0,0,0,1,0,0,0,0,1,0,0,-0.0914,0.1907,1]},
{"frame":61,"values":[1,0,0,0,0,1,0,0,0,0,1,0,0,-0.0914,0.1907,1]},
{"frame":62,"values":[1,0,0,0,0,1,0,0,0,0,1,0,0,-0.0914,0.1907,1]},
{"frame":71,"values":[1,0,0,0,0,1,0,0,0,0,1,0,0,-0.0914,0.1907,1]},
{"frame":72,"values":[1,0,0,0,0,1,0,0,0,0,1,0,0,-0.0914,0.1907,1]},
{"frame":80,"values":[1,0,0,0,0,1,0,0,0,0,1,0,0,-0.0914,0.1907,1]},
{"frame":81,"values":[1,0,0,0,0,1,0,0,0,0,1,0,0,-0.0914,0.1907,1]}],"loopBehavior":1,"name":"anim","property":"_matrix"}},
{"name":"Muneca Lados","index":4,"matrix":[0,1,0,0,-1,0,0,0,0,0,1,0,-0.0024,-0.4393,0.0848,1],"rest":[0,1,0,0,-1,0,0,0,0,0,1,0,-0.0024,-0.4393,0.0848,1],"parentBoneIndex":2,"length":0.3953
,"animation":{"dataType":3,"framePerSecond":24,"keys":[
{"frame":1,"values":[0,1,0,0,-1,0,0,0,0,0,1,0,-0.0024,-0.4393,0.0848,1]},
{"frame":4,"values":[0,1,0,0,-1,0,0,0,0,0,1,0,-0.0024,-0.4393,0.0848,1]},
{"frame":10,"values":[0,1,0,0,-1,0,0,0,0,0,1,0,-0.0024,-0.4393,0.0848,1]},
{"frame":11,"values":[0,1,0,0,-1,0,0,0,0,0,1,0,-0.0024,-0.4393,0.0848,1]},
{"frame":21,"values":[0,1,0,0,-1,0,0,0,0,0,1,0,-0.0024,-0.4393,0.0848,1]},
{"frame":28,"values":[0,1,0,0,-1,0,0,0,0,0,1,0,-0.0024,-0.4393,0.0848,1]},
{"frame":41,"values":[0,1,0,0,-1,0,0,0,0,0,1,0,-0.0024,-0.4393,0.0848,1]},
{"frame":44,"values":[0,1,0,0,-1,0,0,0,0,0,1,0,-0.0024,-0.4393,0.0848,1]},
{"frame":51,"values":[0,1,0,0,-1,0,0,0,0,0,1,0,-0.0024,-0.4393,0.0848,1]},
{"frame":54,"values":[0,1,0,0,-1,0,0,0,0,0,1,0,-0.0024,-0.4393,0.0848,1]},
{"frame":61,"values":[0,1,0,0,-1,0,0,0,0,0,1,0,-0.0024,-0.4393,0.0848,1]},
{"frame":62,"values":[0,1,0,0,-1,0,0,0,0,0,1,0,-0.0024,-0.4393,0.0848,1]},
{"frame":71,"values":[0,1,0,0,-1,0,0,0,0,0,1,0,-0.0024,-0.4393,0.0848,1]},
{"frame":72,"values":[0,1,0,0,-1,0,0,0,0,0,1,0,-0.0024,-0.4393,0.0848,1]},
{"frame":80,"values":[0,1,0,0,-1,0,0,0,0,0,1,0,-0.0024,-0.4393,0.0848,1]},
{"frame":81,"values":[0,1,0,0,-1,0,0,0,0,0,1,0,-0.0024,-0.4393,0.0848,1]}],"loopBehavior":1,"name":"anim","property":"_matrix"}},
{"name":"dedo1.008","index":5,"matrix":[0.4404,0.8911,0.1094,0,-0.8454,0.4526,-0.2837,0,-0.3023,0.0325,0.9527,0,0.0003,0.1075,0.0018,1],"rest":[0.4404,0.8911,0.1094,0,-0.8454,0.4526,-0.2837,0,-0.3023,0.0325,0.9527,0,0.0003,0.1075,0.0018,1],"parentBoneIndex":1,"length":0.455
,"animation":{"dataType":3,"framePerSecond":24,"keys":[
{"frame":1,"values":[0.4404,0.8911,0.1094,0,-0.8454,0.4526,-0.2837,0,-0.3023,0.0325,0.9527,0,0.0003,0.1075,0.0018,1]},
{"frame":4,"values":[0.4404,0.8911,0.1094,0,-0.8454,0.4526,-0.2837,0,-0.3023,0.0325,0.9527,0,0.0003,0.1075,0.0018,1]},
{"frame":10,"values":[0.4404,0.8911,0.1094,0,-0.8454,0.4526,-0.2837,0,-0.3023,0.0325,0.9527,0,0.0003,0.1075,0.0018,1]},
{"frame":11,"values":[0.4404,0.8911,0.1094,0,-0.8454,0.4526,-0.2837,0,-0.3023,0.0325,0.9527,0,0.0003,0.1075,0.0018,1]},
{"frame":21,"values":[0.4404,0.8911,0.1094,0,-0.8454,0.4526,-0.2837,0,-0.3023,0.0325,0.9527,0,0.0003,0.1075,0.0018,1]},
{"frame":22,"values":[0.6533,0.0274,0.7566,0,-0.7528,0.1301,0.6453,0,-0.0807,-0.9911,0.1057,0,0.0003,0.1075,0.0018,1]},
{"frame":23,"values":[0.4404,0.8911,0.1094,0,-0.8454,0.4526,-0.2837,0,-0.3023,0.0325,0.9527,0,0.0003,0.1075,0.0018,1]},
{"frame":24,"values":[0.5707,0.2568,-0.78,0,-0.6413,-0.4539,-0.6187,0,-0.5129,0.8533,-0.0943,0,0.0003,0.1075,0.0018,1]},
{"frame":25,"values":[0.4404,0.8911,0.1094,0,-0.8454,0.4526,-0.2837,0,-0.3023,0.0325,0.9527,0,0.0003,0.1075,0.0018,1]},
{"frame":26,"values":[0.8709,-0.4142,0.2646,0,0.4841,0.8162,-0.3154,0,-0.0853,0.4028,0.9113,0,0.0003,0.1075,0.0018,1]},
{"frame":27,"values":[0.4404,0.8911,0.1094,0,-0.8454,0.4526,-0.2837,0,-0.3023,0.0325,0.9527,0,0.0003,0.1075,0.0018,1]},
{"frame":28,"values":[-0.8741,0.4623,0.1488,0,-0.4806,-0.8677,-0.1272,0,0.0703,-0.1827,0.9807,0,0.0003,0.1075,0.0018,1]},
{"frame":41,"values":[0.4404,0.8911,0.1094,0,-0.8454,0.4526,-0.2837,0,-0.3023,0.0325,0.9527,0,0.0003,0.1075,0.0018,1]},
{"frame":42,"values":[0.5288,0.8415,0.111,0,-0.7938,0.5366,-0.2864,0,-0.3005,0.0634,0.9517,0,0.0003,0.1075,0.0018,1]},
{"frame":43,"values":[0.4404,0.8911,0.1094,0,-0.8454,0.4526,-0.2837,0,-0.3023,0.0325,0.9527,0,0.0003,0.1075,0.0018,1]},
{"frame":44,"values":[0.1888,0.9762,0.1066,0,-0.9377,0.2115,-0.2758,0,-0.2918,-0.0479,0.9553,0,0.0003,0.1075,0.0018,1]},
{"frame":51,"values":[0.4404,0.8911,0.1094,0,-0.8454,0.4526,-0.2837,0,-0.3023,0.0325,0.9527,0,0.0003,0.1075,0.0018,1]},
{"frame":52,"values":[0.5288,0.8415,0.111,0,-0.7938,0.5366,-0.2864,0,-0.3005,0.0634,0.9517,0,0.0003,0.1075,0.0018,1]},
{"frame":53,"values":[0.4404,0.8911,0.1094,0,-0.8454,0.4526,-0.2837,0,-0.3023,0.0325,0.9527,0,0.0003,0.1075,0.0018,1]},
{"frame":54,"values":[0.1888,0.9762,0.1066,0,-0.9377,0.2115,-0.2758,0,-0.2918,-0.0479,0.9553,0,0.0003,0.1075,0.0018,1]},
{"frame":61,"values":[0.4404,0.8911,0.1094,0,-0.8454,0.4526,-0.2837,0,-0.3023,0.0325,0.9527,0,0.0003,0.1075,0.0018,1]},
{"frame":62,"values":[0.4404,0.8911,0.1094,0,-0.8454,0.4526,-0.2837,0,-0.3023,0.0325,0.9527,0,0.0003,0.1075,0.0018,1]},
{"frame":71,"values":[0.4404,0.8911,0.1094,0,-0.8454,0.4526,-0.2837,0,-0.3023,0.0325,0.9527,0,0.0003,0.1075,0.0018,1]},
{"frame":72,"values":[0.4237,0.8947,0.1417,0,-0.8688,0.4456,-0.2157,0,-0.2561,-0.0317,0.9661,0,0.0003,0.1075,0.0018,1]},
{"frame":80,"values":[0.4237,0.8947,0.1417,0,-0.8688,0.4456,-0.2157,0,-0.2561,-0.0317,0.9661,0,0.0003,0.1075,0.0018,1]},
{"frame":81,"values":[0.4237,0.8947,0.1417,0,-0.8688,0.4456,-0.2157,0,-0.2561,-0.0317,0.9661,0,0.0003,0.1075,0.0018,1]}],"loopBehavior":1,"name":"anim","property":"_matrix"}},
{"name":"Controlador.003","index":6,"matrix":[0.6561,-0.0892,-0.7494,0,0.3146,0.9349,0.1641,0,0.686,-0.3434,0.6414,0,-0.1438,0.513,-0.0155,1],"rest":[0.6561,-0.0892,-0.7494,0,0.3146,0.9349,0.1641,0,0.686,-0.3434,0.6414,0,-0.1438,0.513,-0.0155,1],"parentBoneIndex":5,"length":0.988
,"animation":{"dataType":3,"framePerSecond":24,"keys":[
{"frame":1,"values":[0.6561,-0.0892,-0.7494,0,0.3146,0.9349,0.1641,0,0.686,-0.3434,0.6414,0,-0.1438,0.513,-0.0155,1]},
{"frame":2,"values":[0.5244,-0.7881,-0.3223,0,0.362,0.549,-0.7534,0,0.7707,0.2784,0.5732,0,-0.1438,0.513,-0.0155,1]},
{"frame":3,"values":[0.6561,-0.0892,-0.7494,0,0.3146,0.9349,0.1641,0,0.686,-0.3434,0.6414,0,-0.1438,0.513,-0.0155,1]},
{"frame":4,"values":[0.7052,0.0598,-0.7065,0,0.2861,0.8877,0.3607,0,0.6487,-0.4565,0.6089,0,-0.1438,0.513,-0.0155,1]},
{"frame":10,"values":[0.7052,0.0598,-0.7065,0,0.2861,0.8877,0.3607,0,0.6487,-0.4565,0.6089,0,-0.1438,0.513,-0.0155,1]},
{"frame":11,"values":[0.7052,0.0598,-0.7065,0,0.2861,0.8877,0.3607,0,0.6487,-0.4565,0.6089,0,-0.1438,0.513,-0.0155,1]},
{"frame":21,"values":[0.7052,0.0598,-0.7065,0,0.2861,0.8877,0.3607,0,0.6487,-0.4565,0.6089,0,-0.1438,0.513,-0.0155,1]},
{"frame":28,"values":[0.7052,0.0598,-0.7065,0,0.2861,0.8877,0.3607,0,0.6487,-0.4565,0.6089,0,-0.1438,0.513,-0.0155,1]},
{"frame":41,"values":[0.6561,-0.0892,-0.7494,0,0.3146,0.9349,0.1641,0,0.686,-0.3434,0.6414,0,-0.1438,0.513,-0.0155,1]},
{"frame":44,"values":[0.6561,-0.0892,-0.7494,0,0.3146,0.9349,0.1641,0,0.686,-0.3434,0.6414,0,-0.1438,0.513,-0.0155,1]},
{"frame":51,"values":[0.6561,-0.0892,-0.7494,0,0.3146,0.9349,0.1641,0,0.686,-0.3434,0.6414,0,-0.1438,0.513,-0.0155,1]},
{"frame":54,"values":[0.6561,-0.0892,-0.7494,0,0.3146,0.9349,0.1641,0,0.686,-0.3434,0.6414,0,-0.1438,0.513,-0.0155,1]},
{"frame":61,"values":[0.6561,-0.0892,-0.7494,0,0.3146,0.9349,0.1641,0,0.686,-0.3434,0.6414,0,-0.1438,0.513,-0.0155,1]},
{"frame":62,"values":[0.4885,-0.5476,-0.6793,0,0.3328,0.8366,-0.4351,0,0.8066,-0.0135,0.591,0,-0.1438,0.513,-0.0155,1]},
{"frame":71,"values":[0.6561,-0.0892,-0.7494,0,0.3146,0.9349,0.1641,0,0.686,-0.3434,0.6414,0,-0.1438,0.513,-0.0155,1]},
{"frame":72,"values":[0.7227,0.1089,-0.6826,0,0.2863,0.8517,0.439,0,0.6291,-0.5126,0.5843,0,-0.1438,0.513,-0.0155,1]},
{"frame":80,"values":[0.7227,0.1089,-0.6826,0,0.2863,0.8517,0.439,0,0.6291,-0.5126,0.5843,0,-0.1438,0.513,-0.0155,1]},
{"frame":81,"values":[0.7227,0.1089,-0.6826,0,0.2863,0.8517,0.439,0,0.6291,-0.5126,0.5843,0,-0.1438,0.513,-0.0155,1]}],"loopBehavior":1,"name":"anim","property":"_matrix"}},
{"name":"dedo1.003","index":7,"matrix":[0.6629,-0.0302,-0.7481,0,0.2805,0.9364,0.2108,0,0.6942,-0.3495,0.6292,0,0,0.455,0,1],"rest":[0.6629,-0.0302,-0.7481,0,0.2805,0.9364,0.2108,0,0.6942,-0.3495,0.6292,0,0,0.455,0,1],"parentBoneIndex":5,"length":0.4304
,"animation":{"dataType":3,"framePerSecond":24,"keys":[
{"frame":1,"values":[0.6629,-0.0302,-0.7481,0,0.2805,0.9364,0.2108,0,0.6942,-0.3495,0.6292,0,0,0.455,0,1]},
{"frame":2,"values":[0.5537,-0.7529,-0.3558,0,0.3465,0.5968,-0.7237,0,0.7572,0.2774,0.5913,0,0,0.455,0,1]},
{"frame":3,"values":[0.6629,-0.0302,-0.7481,0,0.2805,0.9364,0.2108,0,0.6942,-0.3495,0.6292,0,0,0.455,0,1]},
{"frame":4,"values":[0.7065,0.1183,-0.6978,0,0.2526,0.8789,0.4047,0,0.6611,-0.4621,0.591,0,0,0.455,0,1]},
{"frame":10,"values":[0.7065,0.1183,-0.6978,0,0.2526,0.8789,0.4047,0,0.6611,-0.4621,0.591,0,0,0.455,0,1]},
{"frame":11,"values":[0.7065,0.1183,-0.6978,0,0.2526,0.8789,0.4047,0,0.6611,-0.4621,0.591,0,0,0.455,0,1]},
{"frame":21,"values":[0.7065,0.1183,-0.6978,0,0.2526,0.8789,0.4047,0,0.6611,-0.4621,0.591,0,0,0.455,0,1]},
{"frame":28,"values":[0.7065,0.1183,-0.6978,0,0.2526,0.8789,0.4047,0,0.6611,-0.4621,0.591,0,0,0.455,0,1]},
{"frame":41,"values":[0.6629,-0.0302,-0.7481,0,0.2805,0.9364,0.2108,0,0.6942,-0.3495,0.6292,0,0,0.455,0,1]},
{"frame":44,"values":[0.6629,-0.0302,-0.7481,0,0.2805,0.9364,0.2108,0,0.6942,-0.3495,0.6292,0,0,0.455,0,1]},
{"frame":51,"values":[0.6629,-0.0302,-0.7481,0,0.2805,0.9364,0.2108,0,0.6942,-0.3495,0.6292,0,0,0.455,0,1]},
{"frame":54,"values":[0.6629,-0.0302,-0.7481,0,0.2805,0.9364,0.2108,0,0.6942,-0.3495,0.6292,0,0,0.455,0,1]},
{"frame":61,"values":[0.6629,-0.0302,-0.7481,0,0.2805,0.9364,0.2108,0,0.6942,-0.3495,0.6292,0,0,0.455,0,1]},
{"frame":62,"values":[0.5113,-0.497,-0.7011,0,0.3054,0.8677,-0.3923,0,0.8033,-0.0136,0.5954,0,0,0.455,0,1]},
{"frame":71,"values":[0.6629,-0.0302,-0.7481,0,0.2805,0.9364,0.2108,0,0.6942,-0.3495,0.6292,0,0,0.455,0,1]},
{"frame":72,"values":[0.7221,0.1667,-0.6714,0,0.2536,0.8392,0.4811,0,0.6436,-0.5177,0.5637,0,0,0.455,0,1]},
{"frame":80,"values":[0.7221,0.1667,-0.6714,0,0.2536,0.8392,0.4811,0,0.6436,-0.5177,0.5637,0,0,0.455,0,1]},
{"frame":81,"values":[0.7221,0.1667,-0.6714,0,0.2536,0.8392,0.4811,0,0.6436,-0.5177,0.5637,0,0,0.455,0,1]}],"loopBehavior":1,"name":"anim","property":"_matrix"}},
{"name":"dedo2.003","index":8,"matrix":[0.9983,-0.0558,0.0146,0,0.0559,0.9984,-0.005,0,-0.0143,0.0058,0.9999,0,0,0.4304,0,1],"rest":[0.9983,-0.0558,0.0146,0,0.0559,0.9984,-0.005,0,-0.0143,0.0058,0.9999,0,0,0.4304,0,1],"parentBoneIndex":7,"length":0.2571
,"animation":{"dataType":3,"framePerSecond":24,"keys":[
{"frame":1,"values":[0.9983,-0.0558,0.0146,0,0.0559,0.9984,-0.005,0,-0.0143,0.0058,0.9999,0,0,0.4304,0,1]},
{"frame":2,"values":[0.6843,-0.7291,0.014,0,0.729,0.6844,0.0065,0,-0.0143,0.0058,0.9999,0,0,0.4304,0,1]},
{"frame":3,"values":[0.9983,-0.0558,0.0146,0,0.0559,0.9984,-0.005,0,-0.0143,0.0058,0.9999,0,0,0.4304,0,1]},
{"frame":4,"values":[0.9942,0.1065,0.0136,0,-0.1064,0.9943,-0.0073,0,-0.0143,0.0058,0.9999,0,0,0.4304,0,1]},
{"frame":10,"values":[0.9942,0.1065,0.0136,0,-0.1064,0.9943,-0.0073,0,-0.0143,0.0058,0.9999,0,0,0.4304,0,1]},
{"frame":11,"values":[0.9942,0.1065,0.0136,0,-0.1064,0.9943,-0.0073,0,-0.0143,0.0058,0.9999,0,0,0.4304,0,1]},
{"frame":21,"values":[0.9942,0.1065,0.0136,0,-0.1064,0.9943,-0.0073,0,-0.0143,0.0058,0.9999,0,0,0.4304,0,1]},
{"frame":28,"values":[0.9942,0.1065,0.0136,0,-0.1064,0.9943,-0.0073,0,-0.0143,0.0058,0.9999,0,0,0.4304,0,1]},
{"frame":41,"values":[0.9983,-0.0558,0.0146,0,0.0559,0.9984,-0.005,0,-0.0143,0.0058,0.9999,0,0,0.4304,0,1]},
{"frame":44,"values":[0.9983,-0.0558,0.0146,0,0.0559,0.9984,-0.005,0,-0.0143,0.0058,0.9999,0,0,0.4304,0,1]},
{"frame":51,"values":[0.9983,-0.0558,0.0146,0,0.0559,0.9984,-0.005,0,-0.0143,0.0058,0.9999,0,0,0.4304,0,1]},
{"frame":54,"values":[0.9983,-0.0558,0.0146,0,0.0559,0.9984,-0.005,0,-0.0143,0.0058,0.9999,0,0,0.4304,0,1]},
{"frame":61,"values":[0.9983,-0.0558,0.0146,0,0.0559,0.9984,-0.005,0,-0.0143,0.0058,0.9999,0,0,0.4304,0,1]},
{"frame":62,"values":[0.854,-0.5201,0.0153,0,0.5201,0.8541,0.0025,0,-0.0143,0.0058,0.9999,0,0,0.4304,0,1]},
{"frame":71,"values":[0.9983,-0.0558,0.0146,0,0.0559,0.9984,-0.005,0,-0.0143,0.0058,0.9999,0,0,0.4304,0,1]},
{"frame":72,"values":[0.9867,0.1623,0.0132,0,-0.1622,0.9867,-0.008,0,-0.0143,0.0058,0.9999,0,0,0.4304,0,1]},
{"frame":80,"values":[0.9867,0.1623,0.0132,0,-0.1622,0.9867,-0.008,0,-0.0143,0.0058,0.9999,0,0,0.4304,0,1]},
{"frame":81,"values":[0.9867,0.1623,0.0132,0,-0.1622,0.9867,-0.008,0,-0.0143,0.0058,0.9999,0,0,0.4304,0,1]}],"loopBehavior":1,"name":"anim","property":"_matrix"}},
{"name":"dedo3.003","index":9,"matrix":[0.9906,-0.1315,0.0365,0,0.1321,0.9911,-0.0137,0,-0.0344,0.0184,0.9992,0,0,0.2571,0,1],"rest":[0.9906,-0.1315,0.0365,0,0.1321,0.9911,-0.0137,0,-0.0344,0.0184,0.9992,0,0,0.2571,0,1],"parentBoneIndex":8,"length":0.3037
,"animation":{"dataType":3,"framePerSecond":24,"keys":[
{"frame":1,"values":[0.9906,-0.1315,0.0365,0,0.1321,0.9911,-0.0137,0,-0.0344,0.0184,0.9992,0,0,0.2571,0,1]},
{"frame":2,"values":[0.6262,-0.7788,0.0359,0,0.7789,0.627,0.0153,0,-0.0344,0.0184,0.9992,0,0,0.2571,0,1]},
{"frame":3,"values":[0.9906,-0.1315,0.0365,0,0.1321,0.9911,-0.0137,0,-0.0344,0.0184,0.9992,0,0,0.2571,0,1]},
{"frame":4,"values":[0.999,0.0306,0.0338,0,-0.03,0.9994,-0.0194,0,-0.0344,0.0184,0.9992,0,0,0.2571,0,1]},
{"frame":10,"values":[0.999,0.0306,0.0338,0,-0.03,0.9994,-0.0194,0,-0.0344,0.0184,0.9992,0,0,0.2571,0,1]},
{"frame":11,"values":[0.999,0.0306,0.0338,0,-0.03,0.9994,-0.0194,0,-0.0344,0.0184,0.9992,0,0,0.2571,0,1]},
{"frame":21,"values":[0.999,0.0306,0.0338,0,-0.03,0.9994,-0.0194,0,-0.0344,0.0184,0.9992,0,0,0.2571,0,1]},
{"frame":28,"values":[0.999,0.0306,0.0338,0,-0.03,0.9994,-0.0194,0,-0.0344,0.0184,0.9992,0,0,0.2571,0,1]},
{"frame":41,"values":[0.9906,-0.1315,0.0365,0,0.1321,0.9911,-0.0137,0,-0.0344,0.0184,0.9992,0,0,0.2571,0,1]},
{"frame":44,"values":[0.9906,-0.1315,0.0365,0,0.1321,0.9911,-0.0137,0,-0.0344,0.0184,0.9992,0,0,0.2571,0,1]},
{"frame":51,"values":[0.9906,-0.1315,0.0365,0,0.1321,0.9911,-0.0137,0,-0.0344,0.0184,0.9992,0,0,0.2571,0,1]},
{"frame":54,"values":[0.9906,-0.1315,0.0365,0,0.1321,0.9911,-0.0137,0,-0.0344,0.0184,0.9992,0,0,0.2571,0,1]},
{"frame":61,"values":[0.9906,-0.1315,0.0365,0,0.1321,0.9911,-0.0137,0,-0.0344,0.0184,0.9992,0,0,0.2571,0,1]},
{"frame":62,"values":[0.9542,-0.2966,0.0383,0,0.2971,0.9548,-0.0073,0,-0.0344,0.0184,0.9992,0,0,0.2571,0,1]},
{"frame":71,"values":[0.9906,-0.1315,0.0365,0,0.1321,0.9911,-0.0137,0,-0.0344,0.0184,0.9992,0,0,0.2571,0,1]},
{"frame":72,"values":[0.9957,0.0869,0.0327,0,-0.0862,0.996,-0.0213,0,-0.0344,0.0184,0.9992,0,0,0.2571,0,1]},
{"frame":80,"values":[0.9957,0.0869,0.0327,0,-0.0862,0.996,-0.0213,0,-0.0344,0.0184,0.9992,0,0,0.2571,0,1]},
{"frame":81,"values":[0.9957,0.0869,0.0327,0,-0.0862,0.996,-0.0213,0,-0.0344,0.0184,0.9992,0,0,0.2571,0,1]}],"loopBehavior":1,"name":"anim","property":"_matrix"}},
{"name":"dedo1.007","index":10,"matrix":[0.8745,-0.4845,0.0229,0,0.4823,0.8636,-0.1467,0,0.0513,0.1393,0.9889,0,0.0003,0.1075,0.0018,1],"rest":[0.8745,-0.4845,0.0229,0,0.4823,0.8636,-0.1467,0,0.0513,0.1393,0.9889,0,0.0003,0.1075,0.0018,1],"parentBoneIndex":1,"length":1.0265
,"animation":{"dataType":3,"framePerSecond":24,"keys":[
{"frame":1,"values":[0.8745,-0.4845,0.0229,0,0.4823,0.8636,-0.1467,0,0.0513,0.1393,0.9889,0,0.0003,0.1075,0.0018,1]},
{"frame":4,"values":[0.8745,-0.4845,0.0229,0,0.4823,0.8636,-0.1467,0,0.0513,0.1393,0.9889,0,0.0003,0.1075,0.0018,1]},
{"frame":10,"values":[0.8745,-0.4845,0.0229,0,0.4823,0.8636,-0.1467,0,0.0513,0.1393,0.9889,0,0.0003,0.1075,0.0018,1]},
{"frame":11,"values":[0.8745,-0.4845,0.0229,0,0.4823,0.8636,-0.1467,0,0.0513,0.1393,0.9889,0,0.0003,0.1075,0.0018,1]},
{"frame":21,"values":[0.8745,-0.4845,0.0229,0,0.4823,0.8636,-0.1467,0,0.0513,0.1393,0.9889,0,0.0003,0.1075,0.0018,1]},
{"frame":22,"values":[0.9209,0.3728,-0.1136,0,-0.0254,0.3483,0.937,0,0.3889,-0.8601,0.3302,0,0.0003,0.1075,0.0018,1]},
{"frame":23,"values":[0.8745,-0.4845,0.0229,0,0.4823,0.8636,-0.1467,0,0.0513,0.1393,0.9889,0,0.0003,0.1075,0.0018,1]},
{"frame":24,"values":[0.5015,-0.3414,0.795,0,0.7265,-0.3328,-0.6012,0,0.4698,0.879,0.0811,0,0.0003,0.1075,0.0018,1]},
{"frame":25,"values":[0.8745,-0.4845,0.0229,0,0.4823,0.8636,-0.1467,0,0.0513,0.1393,0.9889,0,0.0003,0.1075,0.0018,1]},
{"frame":26,"values":[-0.2257,-0.8939,-0.3873,0,0.8315,-0.3839,0.4014,0,-0.5075,-0.2314,0.83,0,0.0003,0.1075,0.0018,1]},
{"frame":27,"values":[0.8745,-0.4845,0.0229,0,0.4823,0.8636,-0.1467,0,0.0513,0.1393,0.9889,0,0.0003,0.1075,0.0018,1]},
{"frame":28,"values":[0.6272,0.6431,-0.4393,0,-0.7445,0.3296,-0.5806,0,-0.2286,0.6912,0.6855,0,0.0003,0.1075,0.0018,1]},
{"frame":41,"values":[0.8745,-0.4845,0.0229,0,0.4823,0.8636,-0.1467,0,0.0513,0.1393,0.9889,0,0.0003,0.1075,0.0018,1]},
{"frame":42,"values":[0.937,-0.3489,0.0185,0,0.3477,0.9258,-0.1487,0,0.0348,0.1457,0.9887,0,0.0003,0.1075,0.0018,1]},
{"frame":43,"values":[0.8745,-0.4845,0.0229,0,0.4823,0.8636,-0.1467,0,0.0513,0.1393,0.9889,0,0.0003,0.1075,0.0018,1]},
{"frame":44,"values":[0.8037,-0.5945,0.0265,0,0.5915,0.7932,-0.1444,0,0.0648,0.1317,0.9892,0,0.0003,0.1075,0.0018,1]},
{"frame":51,"values":[0.8745,-0.4845,0.0229,0,0.4823,0.8636,-0.1467,0,0.0513,0.1393,0.9889,0,0.0003,0.1075,0.0018,1]},
{"frame":52,"values":[0.937,-0.3489,0.0185,0,0.3477,0.9258,-0.1487,0,0.0348,0.1457,0.9887,0,0.0003,0.1075,0.0018,1]},
{"frame":53,"values":[0.8745,-0.4845,0.0229,0,0.4823,0.8636,-0.1467,0,0.0513,0.1393,0.9889,0,0.0003,0.1075,0.0018,1]},
{"frame":54,"values":[0.8037,-0.5945,0.0265,0,0.5915,0.7932,-0.1444,0,0.0648,0.1317,0.9892,0,0.0003,0.1075,0.0018,1]},
{"frame":61,"values":[0.8745,-0.4845,0.0229,0,0.4823,0.8636,-0.1467,0,0.0513,0.1393,0.9889,0,0.0003,0.1075,0.0018,1]},
{"frame":62,"values":[0.8753,-0.4699,-0.1146,0,0.4821,0.8666,0.1288,0,0.0388,-0.168,0.985,0,0.0003,0.1075,0.0018,1]},
{"frame":71,"values":[0.8745,-0.4845,0.0229,0,0.4823,0.8636,-0.1467,0,0.0513,0.1393,0.9889,0,0.0003,0.1075,0.0018,1]},
{"frame":72,"values":[0.9113,-0.3804,0.1574,0,0.407,0.7747,-0.4839,0,0.0622,0.5051,0.8608,0,0.0003,0.1075,0.0018,1]},
{"frame":80,"values":[0.9113,-0.3804,0.1574,0,0.407,0.7747,-0.4839,0,0.0622,0.5051,0.8608,0,0.0003,0.1075,0.0018,1]},
{"frame":81,"values":[0.9113,-0.3804,0.1574,0,0.407,0.7747,-0.4839,0,0.0622,0.5051,0.8608,0,0.0003,0.1075,0.0018,1]}],"loopBehavior":1,"name":"anim","property":"_matrix"}},
{"name":"Controlador.002","index":11,"matrix":[-0.0071,0.1185,-0.9929,0,-0.1158,0.9862,0.1186,0,0.9932,0.1159,0.0067,0,0.0008,1.0132,0.1114,1],"rest":[-0.0071,0.1185,-0.9929,0,-0.1158,0.9862,0.1186,0,0.9932,0.1159,0.0067,0,0.0008,1.0132,0.1114,1],"parentBoneIndex":10,"length":0.6976
,"animation":{"dataType":3,"framePerSecond":24,"keys":[
{"frame":1,"values":[-0.0071,0.1185,-0.9929,0,-0.1158,0.9862,0.1186,0,0.9932,0.1159,0.0067,0,0.0008,1.0132,0.1114,1]},
{"frame":2,"values":[0.221,-0.8623,-0.4556,0,-0.2099,0.4141,-0.8857,0,0.9524,0.2914,-0.0895,0,0.0008,1.0132,0.1114,1]},
{"frame":3,"values":[-0.0071,0.1185,-0.9929,0,-0.1158,0.9862,0.1186,0,0.9932,0.1159,0.0067,0,0.0008,1.0132,0.1114,1]},
{"frame":4,"values":[-0.0269,0.2821,-0.959,0,-0.1182,0.9517,0.2833,0,0.9926,0.1209,0.0077,0,0.0008,1.0132,0.1114,1]},
{"frame":10,"values":[-0.0269,0.2821,-0.959,0,-0.1182,0.9517,0.2833,0,0.9926,0.1209,0.0077,0,0.0008,1.0132,0.1114,1]},
{"frame":11,"values":[-0.0269,0.2821,-0.959,0,-0.1182,0.9517,0.2833,0,0.9926,0.1209,0.0077,0,0.0008,1.0132,0.1114,1]},
{"frame":21,"values":[-0.0269,0.2821,-0.959,0,-0.1182,0.9517,0.2833,0,0.9926,0.1209,0.0077,0,0.0008,1.0132,0.1114,1]},
{"frame":28,"values":[-0.0269,0.2821,-0.959,0,-0.1182,0.9517,0.2833,0,0.9926,0.1209,0.0077,0,0.0008,1.0132,0.1114,1]},
{"frame":41,"values":[-0.0071,0.1185,-0.9929,0,-0.1158,0.9862,0.1186,0,0.9932,0.1159,0.0067,0,0.0008,1.0132,0.1114,1]},
{"frame":42,"values":[-0.0071,0.1185,-0.9929,0,-0.2742,0.9547,0.116,0,0.9617,0.2731,0.0257,0,0.0008,1.0132,0.1114,1]},
{"frame":43,"values":[-0.0071,0.1185,-0.9929,0,-0.1158,0.9862,0.1186,0,0.9932,0.1159,0.0067,0,0.0008,1.0132,0.1114,1]},
{"frame":44,"values":[-0.0071,0.1185,-0.9929,0,-0.1158,0.9862,0.1186,0,0.9932,0.1159,0.0067,0,0.0008,1.0132,0.1114,1]},
{"frame":51,"values":[-0.0071,0.1185,-0.9929,0,-0.1158,0.9862,0.1186,0,0.9932,0.1159,0.0067,0,0.0008,1.0132,0.1114,1]},
{"frame":52,"values":[-0.0071,0.1185,-0.9929,0,-0.2742,0.9547,0.116,0,0.9617,0.2731,0.0257,0,0.0008,1.0132,0.1114,1]},
{"frame":53,"values":[-0.0071,0.1185,-0.9929,0,-0.1158,0.9862,0.1186,0,0.9932,0.1159,0.0067,0,0.0008,1.0132,0.1114,1]},
{"frame":54,"values":[-0.0071,0.1185,-0.9929,0,-0.1158,0.9862,0.1186,0,0.9932,0.1159,0.0067,0,0.0008,1.0132,0.1114,1]},
{"frame":61,"values":[-0.0071,0.1185,-0.9929,0,-0.1158,0.9862,0.1186,0,0.9932,0.1159,0.0067,0,0.0008,1.0132,0.1114,1]},
{"frame":62,"values":[-0.0051,0.1009,-0.9949,0,-0.1159,0.9881,0.1008,0,0.9932,0.1159,0.0067,0,0.0008,1.0132,0.1114,1]},
{"frame":71,"values":[-0.0071,0.1185,-0.9929,0,-0.1158,0.9862,0.1186,0,0.9932,0.1159,0.0067,0,0.0008,1.0132,0.1114,1]},
{"frame":72,"values":[-0.0269,0.2861,-0.9578,0,-0.1129,0.9512,0.2872,0,0.9932,0.1159,0.0067,0,0.0008,1.0132,0.1114,1]},
{"frame":80,"values":[-0.0269,0.2861,-0.9578,0,-0.1129,0.9512,0.2872,0,0.9932,0.1159,0.0067,0,0.0008,1.0132,0.1114,1]},
{"frame":81,"values":[-0.0269,0.2861,-0.9578,0,-0.1129,0.9512,0.2872,0,0.9932,0.1159,0.0067,0,0.0008,1.0132,0.1114,1]}],"loopBehavior":1,"name":"anim","property":"_matrix"}},
{"name":"dedo1.002","index":12,"matrix":[-0.0695,0.2439,-0.9673,0,-0.1138,0.9614,0.2506,0,0.9911,0.1275,-0.0391,0,0,1.0265,0,1],"rest":[-0.0695,0.2439,-0.9673,0,-0.1138,0.9614,0.2506,0,0.9911,0.1275,-0.0391,0,0,1.0265,0,1],"parentBoneIndex":10,"length":0.2297
,"animation":{"dataType":3,"framePerSecond":24,"keys":[
{"frame":1,"values":[-0.0695,0.2439,-0.9673,0,-0.1138,0.9614,0.2506,0,0.9911,0.1275,-0.0391,0,0,1.0265,0,1]},
{"frame":2,"values":[0.1972,-0.7942,-0.5747,0,-0.2669,0.5206,-0.811,0,0.9434,0.3133,-0.1093,0,0,1.0265,0,1]},
{"frame":3,"values":[-0.0695,0.2439,-0.9673,0,-0.1138,0.9614,0.2506,0,0.9911,0.1275,-0.0391,0,0,1.0265,0,1]},
{"frame":4,"values":[-0.088,0.4015,-0.9116,0,-0.1057,0.9062,0.4093,0,0.9905,0.1324,-0.0373,0,0,1.0265,0,1]},
{"frame":10,"values":[-0.088,0.4015,-0.9116,0,-0.1057,0.9062,0.4093,0,0.9905,0.1324,-0.0373,0,0,1.0265,0,1]},
{"frame":11,"values":[-0.088,0.4015,-0.9116,0,-0.1057,0.9062,0.4093,0,0.9905,0.1324,-0.0373,0,0,1.0265,0,1]},
{"frame":21,"values":[-0.088,0.4015,-0.9116,0,-0.1057,0.9062,0.4093,0,0.9905,0.1324,-0.0373,0,0,1.0265,0,1]},
{"frame":28,"values":[-0.088,0.4015,-0.9116,0,-0.1057,0.9062,0.4093,0,0.9905,0.1324,-0.0373,0,0,1.0265,0,1]},
{"frame":41,"values":[-0.0695,0.2439,-0.9673,0,-0.1138,0.9614,0.2506,0,0.9911,0.1275,-0.0391,0,0,1.0265,0,1]},
{"frame":42,"values":[-0.0695,0.2439,-0.9673,0,-0.2719,0.9283,0.2536,0,0.9598,0.2806,0.0018,0,0,1.0265,0,1]},
{"frame":43,"values":[-0.0695,0.2439,-0.9673,0,-0.1138,0.9614,0.2506,0,0.9911,0.1275,-0.0391,0,0,1.0265,0,1]},
{"frame":44,"values":[-0.0695,0.2439,-0.9673,0,-0.1138,0.9614,0.2506,0,0.9911,0.1275,-0.0391,0,0,1.0265,0,1]},
{"frame":51,"values":[-0.0695,0.2439,-0.9673,0,-0.1138,0.9614,0.2506,0,0.9911,0.1275,-0.0391,0,0,1.0265,0,1]},
{"frame":52,"values":[-0.0695,0.2439,-0.9673,0,-0.2719,0.9283,0.2536,0,0.9598,0.2806,0.0018,0,0,1.0265,0,1]},
{"frame":53,"values":[-0.0695,0.2439,-0.9673,0,-0.1138,0.9614,0.2506,0,0.9911,0.1275,-0.0391,0,0,1.0265,0,1]},
{"frame":54,"values":[-0.0695,0.2439,-0.9673,0,-0.1138,0.9614,0.2506,0,0.9911,0.1275,-0.0391,0,0,1.0265,0,1]},
{"frame":61,"values":[-0.0695,0.2439,-0.9673,0,-0.1138,0.9614,0.2506,0,0.9911,0.1275,-0.0391,0,0,1.0265,0,1]},
{"frame":62,"values":[-0.0675,0.2266,-0.9716,0,-0.115,0.9656,0.2332,0,0.9911,0.1275,-0.0391,0,0,1.0265,0,1]},
{"frame":71,"values":[-0.0695,0.2439,-0.9673,0,-0.1138,0.9614,0.2506,0,0.9911,0.1275,-0.0391,0,0,1.0265,0,1]},
{"frame":72,"values":[0.0361,-0.5385,-0.8418,0,-0.1284,0.8329,-0.5383,0,0.9911,0.1275,-0.0391,0,0,1.0265,0,1]},
{"frame":80,"values":[0.0361,-0.5385,-0.8418,0,-0.1284,0.8329,-0.5383,0,0.9911,0.1275,-0.0391,0,0,1.0265,0,1]},
{"frame":81,"values":[0.0361,-0.5385,-0.8418,0,-0.1284,0.8329,-0.5383,0,0.9911,0.1275,-0.0391,0,0,1.0265,0,1]}],"loopBehavior":1,"name":"anim","property":"_matrix"}},
{"name":"dedo2.002","index":13,"matrix":[0.9767,-0.2034,-0.068,0,0.2045,0.9788,0.0097,0,0.0645,-0.0233,0.9976,0,0,0.2297,0,1],"rest":[0.9767,-0.2034,-0.068,0,0.2045,0.9788,0.0097,0,0.0645,-0.0233,0.9976,0,0,0.2297,0,1],"parentBoneIndex":12,"length":0.2232
,"animation":{"dataType":3,"framePerSecond":24,"keys":[
{"frame":1,"values":[0.9767,-0.2034,-0.068,0,0.2045,0.9788,0.0097,0,0.0645,-0.0233,0.9976,0,0,0.2297,0,1]},
{"frame":2,"values":[0.1513,-0.9879,-0.0329,0,0.9864,0.1531,-0.0602,0,0.0645,-0.0233,0.9976,0,0,0.2297,0,1]},
{"frame":3,"values":[0.9767,-0.2034,-0.068,0,0.2045,0.9788,0.0097,0,0.0645,-0.0233,0.9976,0,0,0.2297,0,1]},
{"frame":4,"values":[0.9972,-0.0364,-0.0654,0,0.0379,0.9991,0.0209,0,0.0645,-0.0233,0.9976,0,0,0.2297,0,1]},
{"frame":10,"values":[0.9972,-0.0364,-0.0654,0,0.0379,0.9991,0.0209,0,0.0645,-0.0233,0.9976,0,0,0.2297,0,1]},
{"frame":11,"values":[0.9972,-0.0364,-0.0654,0,0.0379,0.9991,0.0209,0,0.0645,-0.0233,0.9976,0,0,0.2297,0,1]},
{"frame":21,"values":[0.9972,-0.0364,-0.0654,0,0.0379,0.9991,0.0209,0,0.0645,-0.0233,0.9976,0,0,0.2297,0,1]},
{"frame":28,"values":[0.9972,-0.0364,-0.0654,0,0.0379,0.9991,0.0209,0,0.0645,-0.0233,0.9976,0,0,0.2297,0,1]},
{"frame":41,"values":[0.9767,-0.2034,-0.068,0,0.2045,0.9788,0.0097,0,0.0645,-0.0233,0.9976,0,0,0.2297,0,1]},
{"frame":44,"values":[0.9767,-0.2034,-0.068,0,0.2045,0.9788,0.0097,0,0.0645,-0.0233,0.9976,0,0,0.2297,0,1]},
{"frame":51,"values":[0.9767,-0.2034,-0.068,0,0.2045,0.9788,0.0097,0,0.0645,-0.0233,0.9976,0,0,0.2297,0,1]},
{"frame":54,"values":[0.9767,-0.2034,-0.068,0,0.2045,0.9788,0.0097,0,0.0645,-0.0233,0.9976,0,0,0.2297,0,1]},
{"frame":61,"values":[0.9767,-0.2034,-0.068,0,0.2045,0.9788,0.0097,0,0.0645,-0.0233,0.9976,0,0,0.2297,0,1]},
{"frame":62,"values":[0.9729,-0.2208,-0.0681,0,0.2219,0.975,0.0085,0,0.0645,-0.0233,0.9976,0,0,0.2297,0,1]},
{"frame":71,"values":[0.9767,-0.2034,-0.068,0,0.2045,0.9788,0.0097,0,0.0645,-0.0233,0.9976,0,0,0.2297,0,1]},
{"frame":72,"values":[0.9973,-0.0323,-0.0653,0,0.0338,0.9992,0.0212,0,0.0645,-0.0233,0.9976,0,0,0.2297,0,1]},
{"frame":80,"values":[0.9973,-0.0323,-0.0653,0,0.0338,0.9992,0.0212,0,0.0645,-0.0233,0.9976,0,0,0.2297,0,1]},
{"frame":81,"values":[0.9973,-0.0323,-0.0653,0,0.0338,0.9992,0.0212,0,0.0645,-0.0233,0.9976,0,0,0.2297,0,1]}],"loopBehavior":1,"name":"anim","property":"_matrix"}},
{"name":"dedo3.002","index":14,"matrix":[0.9849,-0.0536,0.1643,0,0.0533,0.9986,0.0061,0,-0.1644,0.0027,0.9864,0,0,0.2232,0,1],"rest":[0.9849,-0.0536,0.1643,0,0.0533,0.9986,0.0061,0,-0.1644,0.0027,0.9864,0,0,0.2232,0,1],"parentBoneIndex":13,"length":0.2493
,"animation":{"dataType":3,"framePerSecond":24,"keys":[
{"frame":1,"values":[0.9849,-0.0536,0.1643,0,0.0533,0.9986,0.0061,0,-0.1644,0.0027,0.9864,0,0,0.2232,0,1]},
{"frame":2,"values":[0.2958,-0.9538,0.0519,0,0.941,0.3003,0.156,0,-0.1644,0.0027,0.9864,0,0,0.2232,0,1]},
{"frame":3,"values":[0.9849,-0.0536,0.1643,0,0.0533,0.9986,0.0061,0,-0.1644,0.0027,0.9864,0,0,0.2232,0,1]},
{"frame":4,"values":[0.9799,0.1146,0.163,0,-0.1126,0.9934,-0.0215,0,-0.1644,0.0027,0.9864,0,0,0.2232,0,1]},
{"frame":10,"values":[0.9799,0.1146,0.163,0,-0.1126,0.9934,-0.0215,0,-0.1644,0.0027,0.9864,0,0,0.2232,0,1]},
{"frame":11,"values":[0.9799,0.1146,0.163,0,-0.1126,0.9934,-0.0215,0,-0.1644,0.0027,0.9864,0,0,0.2232,0,1]},
{"frame":21,"values":[0.9799,0.1146,0.163,0,-0.1126,0.9934,-0.0215,0,-0.1644,0.0027,0.9864,0,0,0.2232,0,1]},
{"frame":28,"values":[0.9799,0.1146,0.163,0,-0.1126,0.9934,-0.0215,0,-0.1644,0.0027,0.9864,0,0,0.2232,0,1]},
{"frame":41,"values":[0.9849,-0.0536,0.1643,0,0.0533,0.9986,0.0061,0,-0.1644,0.0027,0.9864,0,0,0.2232,0,1]},
{"frame":44,"values":[0.9849,-0.0536,0.1643,0,0.0533,0.9986,0.0061,0,-0.1644,0.0027,0.9864,0,0,0.2232,0,1]},
{"frame":51,"values":[0.9849,-0.0536,0.1643,0,0.0533,0.9986,0.0061,0,-0.1644,0.0027,0.9864,0,0,0.2232,0,1]},
{"frame":54,"values":[0.9849,-0.0536,0.1643,0,0.0533,0.9986,0.0061,0,-0.1644,0.0027,0.9864,0,0,0.2232,0,1]},
{"frame":61,"values":[0.9849,-0.0536,0.1643,0,0.0533,0.9986,0.0061,0,-0.1644,0.0027,0.9864,0,0,0.2232,0,1]},
{"frame":62,"values":[0.9838,-0.0714,0.1642,0,0.0709,0.9974,0.0091,0,-0.1644,0.0027,0.9864,0,0,0.2232,0,1]},
{"frame":71,"values":[0.9849,-0.0536,0.1643,0,0.0533,0.9986,0.0061,0,-0.1644,0.0027,0.9864,0,0,0.2232,0,1]},
{"frame":72,"values":[0.9795,0.1186,0.1629,0,-0.1166,0.9929,-0.0222,0,-0.1644,0.0027,0.9864,0,0,0.2232,0,1]},
{"frame":80,"values":[0.9795,0.1186,0.1629,0,-0.1166,0.9929,-0.0222,0,-0.1644,0.0027,0.9864,0,0,0.2232,0,1]},
{"frame":81,"values":[0.9795,0.1186,0.1629,0,-0.1166,0.9929,-0.0222,0,-0.1644,0.0027,0.9864,0,0,0.2232,0,1]}],"loopBehavior":1,"name":"anim","property":"_matrix"}},
{"name":"dedo1.006","index":15,"matrix":[0.9812,-0.1926,0.0095,0,0.1908,0.9629,-0.1911,0,0.0277,0.1893,0.9815,0,0.0003,0.1075,0.0018,1],"rest":[0.9812,-0.1926,0.0095,0,0.1908,0.9629,-0.1911,0,0.0277,0.1893,0.9815,0,0.0003,0.1075,0.0018,1],"parentBoneIndex":1,"length":1.0367
,"animation":{"dataType":3,"framePerSecond":24,"keys":[
{"frame":1,"values":[0.9812,-0.1926,0.0095,0,0.1908,0.9629,-0.1911,0,0.0277,0.1893,0.9815,0,0.0003,0.1075,0.0018,1]},
{"frame":4,"values":[0.9812,-0.1926,0.0095,0,0.1908,0.9629,-0.1911,0,0.0277,0.1893,0.9815,0,0.0003,0.1075,0.0018,1]},
{"frame":10,"values":[0.9812,-0.1926,0.0095,0,0.1908,0.9629,-0.1911,0,0.0277,0.1893,0.9815,0,0.0003,0.1075,0.0018,1]},
{"frame":11,"values":[0.9812,-0.1926,0.0095,0,0.1908,0.9629,-0.1911,0,0.0277,0.1893,0.9815,0,0.0003,0.1075,0.0018,1]},
{"frame":21,"values":[0.9812,-0.1926,0.0095,0,0.1908,0.9629,-0.1911,0,0.0277,0.1893,0.9815,0,0.0003,0.1075,0.0018,1]},
{"frame":22,"values":[0.9971,0.0126,-0.0749,0,0.071,0.1976,0.9777,0,0.0271,-0.9802,0.1961,0,0.0003,0.1075,0.0018,1]},
{"frame":23,"values":[0.9812,-0.1926,0.0095,0,0.1908,0.9629,-0.1911,0,0.0277,0.1893,0.9815,0,0.0003,0.1075,0.0018,1]},
{"frame":24,"values":[0.9708,-0.1074,0.2146,0,0.1889,-0.2101,-0.9593,0,0.1481,0.9718,-0.1837,0,0.0003,0.1075,0.0018,1]},
{"frame":25,"values":[0.9812,-0.1926,0.0095,0,0.1908,0.9629,-0.1911,0,0.0277,0.1893,0.9815,0,0.0003,0.1075,0.0018,1]},
{"frame":26,"values":[-0.1876,-0.9821,-0.0159,0,0.9807,-0.1864,-0.0592,0,0.0552,-0.0267,0.9981,0,0.0003,0.1075,0.0018,1]},
{"frame":27,"values":[0.9812,-0.1926,0.0095,0,0.1908,0.9629,-0.1911,0,0.0277,0.1893,0.9815,0,0.0003,0.1075,0.0018,1]},
{"frame":28,"values":[0.197,0.9726,-0.1231,0,-0.9621,0.1677,-0.2149,0,-0.1884,0.1608,0.9688,0,0.0003,0.1075,0.0018,1]},
{"frame":41,"values":[0.9812,-0.1926,0.0095,0,0.1908,0.9629,-0.1911,0,0.0277,0.1893,0.9815,0,0.0003,0.1075,0.0018,1]},
{"frame":42,"values":[0.991,-0.1338,0.0075,0,0.1328,0.9725,-0.1914,0,0.0183,0.1907,0.9815,0,0.0003,0.1075,0.0018,1]},
{"frame":43,"values":[0.9812,-0.1926,0.0095,0,0.1908,0.9629,-0.1911,0,0.0277,0.1893,0.9815,0,0.0003,0.1075,0.0018,1]},
{"frame":44,"values":[0.9623,-0.2718,0.012,0,0.2691,0.9441,-0.1905,0,0.0404,0.1865,0.9816,0,0.0003,0.1075,0.0018,1]},
{"frame":51,"values":[0.9812,-0.1926,0.0095,0,0.1908,0.9629,-0.1911,0,0.0277,0.1893,0.9815,0,0.0003,0.1075,0.0018,1]},
{"frame":52,"values":[0.991,-0.1338,0.0075,0,0.1328,0.9725,-0.1914,0,0.0183,0.1907,0.9815,0,0.0003,0.1075,0.0018,1]},
{"frame":53,"values":[0.9812,-0.1926,0.0095,0,0.1908,0.9629,-0.1911,0,0.0277,0.1893,0.9815,0,0.0003,0.1075,0.0018,1]},
{"frame":54,"values":[0.9623,-0.2718,0.012,0,0.2691,0.9441,-0.1905,0,0.0404,0.1865,0.9816,0,0.0003,0.1075,0.0018,1]},
{"frame":61,"values":[0.9812,-0.1926,0.0095,0,0.1908,0.9629,-0.1911,0,0.0277,0.1893,0.9815,0,0.0003,0.1075,0.0018,1]},
{"frame":62,"values":[0.9814,-0.1901,-0.0271,0,0.1912,0.9805,0.0452,0,0.0179,-0.0495,0.9986,0,0.0003,0.1075,0.0018,1]},
{"frame":71,"values":[0.9812,-0.1926,0.0095,0,0.1908,0.9629,-0.1911,0,0.0277,0.1893,0.9815,0,0.0003,0.1075,0.0018,1]},
{"frame":72,"values":[0.9814,-0.1882,0.0386,0,0.1888,0.908,-0.3741,0,0.0353,0.3744,0.9266,0,0.0003,0.1075,0.0018,1]},
{"frame":80,"values":[0.9814,-0.1882,0.0386,0,0.1888,0.908,-0.3741,0,0.0353,0.3744,0.9266,0,0.0003,0.1075,0.0018,1]},
{"frame":81,"values":[0.9814,-0.1882,0.0386,0,0.1888,0.908,-0.3741,0,0.0353,0.3744,0.9266,0,0.0003,0.1075,0.0018,1]}],"loopBehavior":1,"name":"anim","property":"_matrix"}},
{"name":"Controlador.001","index":16,"matrix":[-0.0032,0.1597,-0.9872,0,-0.0809,0.9839,0.1594,0,0.9967,0.0803,0.0098,0,0.0046,1.0149,0.1631,1],"rest":[-0.0032,0.1597,-0.9872,0,-0.0809,0.9839,0.1594,0,0.9967,0.0803,0.0098,0,0.0046,1.0149,0.1631,1],"parentBoneIndex":15,"length":0.8973
,"animation":{"dataType":3,"framePerSecond":24,"keys":[
